0 0.2604166666666667 0.348828125 0.16875 0.02734375
0 0.3697916666666667 0.345703125 0.035416666666666666 0.02265625
0 0.4479166666666667 0.345703125 0.10208333333333333 0.02265625
0 0.196875 0.465234375 0.04583333333333333 0.02109375
0 0.28072916666666664 0.465234375 0.09895833333333333 0.02265625
0 0.1953125 0.505078125 0.046875 0.01640625
0 0.2786458333333333 0.505078125 0.096875 0.01796875
0 0.21979166666666666 0.54921875 0.09166666666666666 0.021875
0 0.3385416666666667 0.55 0.10833333333333334 0.021875
0 0.45989583333333334 0.55 0.10104166666666667 0.021875
0 0.19635416666666666 0.573828125 0.04479166666666667 0.01640625
0 0.2765625 0.573828125 0.09270833333333334 0.01640625
0 0.375 0.57421875 0.07916666666666666 0.0171875
0 0.47291666666666665 0.574609375 0.09583333333333334 0.01796875
0 0.228125 0.615625 0.10625 0.0171875
0 0.32916666666666666 0.616015625 0.07291666666666667 0.01796875
0 0.21666666666666667 0.65703125 0.08125 0.0171875
0 0.2947916666666667 0.6578125 0.05 0.0171875
0 0.3796875 0.66015625 0.09270833333333334 0.021875
0 0.46979166666666666 0.6609375 0.0625 0.021875
0 0.19947916666666668 0.698046875 0.26145833333333335 0.02421875
0 0.3921875 0.70078125 0.07604166666666666 0.0203125
0 0.49166666666666664 0.70234375 0.09791666666666667 0.0203125
0 0.24166666666666667 0.78046875 0.125 0.0171875
0 0.3223958333333333 0.78203125 0.015625 0.015625
